8.635639497916447453e+02
2.754245081170055869e+02
8.346018416328728335e+02
5.425305591964137193e+02
5.168887442881098195e+02
4.886218024294176985e+02
8.177048298395633310e+02
1.331567549502773318e+03
1.447169982927550109e+03
1.048059690579065091e+03
8.835588103271528553e+02
1.883598506319687544e+02
1.654079192618612524e+02
6.162251087207292812e+02
5.926013831371002425e+02
1.332797314070392758e+03
8.044203460200268410e+02
2.818530315225197569e+02
1.314988470582445643e+02
8.226704214046813490e+01
1.248789800793351503e+02
7.593374694316402440e+01
1.925421595367679117e+02
6.534558538919810644e+02
7.071531800697631525e+02
2.793037886609990892e+02
1.110299897332183150e+02
2.816880081102752342e+02
1.526934849983934441e+02
1.136887612526821556e+02
1.036364409409894591e+02
1.890339234010202745e+02
4.521645598193615569e+02
3.027551864758564193e+02
1.319107920381680685e+02
1.620222253481627774e+02
1.862216423122400499e+02
5.909604201572274178e+02
1.324278801874957480e+03
1.711576061513005016e+03
1.996370703053043144e+03
2.012240269345052639e+03
1.614696203842455134e+03
1.425153700619543770e+03
5.669811688623012742e+02
6.594102426147514961e+02
7.246800562105902372e+02
1.790812107037000033e+03
1.145881697695414459e+03
4.353973205942440927e+02
6.668475072862477191e+02
6.882787788224853784e+02
1.203804637905682284e+03
1.661154741822688493e+03
1.827174775601630017e+03
1.880867507303504226e+03
2.087538691715483765e+03
1.183161201315630024e+03
3.489345686258355386e+02
3.626259096326338067e+02
5.022899847534932860e+02
5.957874048348267024e+02
4.605686355574538879e+02
6.602131710922712955e+02
9.551498960131638114e+02
1.365498245870802748e+03
1.404486115665667057e+03
1.442844509687292884e+03
1.170493667043877849e+03
1.516040547920556946e+03
6.479959708175472315e+02
6.009976495103854859e+02
9.237241226652701016e+02
8.012431555350258350e+02
9.565687228606308281e+02
7.355501778816769729e+02
1.382977664491337748e+02
2.884415792358294084e+02
2.768159139227738592e+02
1.852751883875523902e+02
1.790475866843826793e+02
1.174805781503931144e+02
1.355564148816883119e+02
3.960527871007929548e+02
2.273874345207377417e+02
5.690830241268557756e+02
2.036319740148947517e+02
1.448601930788574634e+02
1.839423880205908972e+02
5.657634891171429672e+02
1.756537802699064059e+03
1.971868567577743988e+03
1.646214629945706292e+03
1.428390652933867159e+03
1.454721347891769483e+03
1.990938042296820868e+03
1.735555295838550592e+03
8.789974318971256935e+02
1.863970781739371319e+02
9.537639745923529233e+01
9.993480218251065139e+01
1.564799926109956232e+02
5.915090550769931497e+02
1.178986745484536186e+03
6.437116762846151232e+02
4.032122867283795244e+02
5.435011630785739953e+02
1.075822282325435935e+03
8.602726442567702634e+02
4.998663602019192922e+02
4.343030324676358873e+02
4.105141761535808769e+02
5.240553925925479462e+02
1.174529238110454230e+02
1.467716107448333958e+02
2.652715564369869981e+02
4.752929407477226391e+02
1.751807326881268523e+02
3.322541468168190022e+02
3.479034301165980310e+02
3.454684981782320961e+02
1.628388772447954125e+02
5.429616570304250445e+02
8.055455950918076269e+02
1.858293128884931548e+03
2.003406574540131714e+03
1.823913196931983521e+03
1.948241934682245301e+03
2.050621493788081352e+03
2.042255302875767711e+03
2.001990893241154708e+03
1.465762979116795805e+03
6.241698362448554462e+02
1.441622618104095750e+02
4.179669205884546273e+02
5.142933779220588804e+02
3.942611499502995684e+02
4.896025205968218188e+02
3.836497253587716614e+02
2.568487177096495202e+02
1.418048325021271978e+02
9.370840270879304512e+01
9.933259043943623112e+01
2.732800190973200074e+02
4.930696280590257743e+02
6.955001763127178265e+02
8.037209568195623888e+02
8.030081669387720922e+02
1.132209288262514974e+03
7.229134398213878967e+02
1.082216301605785702e+03
8.668184598777630754e+02
8.826111895934977838e+02
1.571898257165069026e+03
1.353359183730559607e+03
8.159149879312807343e+02
1.275939168275390557e+03
1.230730031968046887e+03
7.833088292305842515e+02
5.787381863509859841e+02
1.018029065037711689e+03
1.636380027804758583e+03
1.450821253348430673e+03
1.582681205110279961e+03
2.173264237622541259e+03
1.714478610117292419e+03
1.208179190090535712e+03
8.317956326129507261e+02
9.099937968342142085e+02
4.223699959134949040e+02
1.819947858297665277e+02
8.882871568612932833e+01
1.886284345844543111e+02
9.709211593449962265e+02
1.006465863332134404e+03
7.048538292099717637e+02
3.874381267646793390e+02
9.222215830087988309e+01
8.853343559584764932e+01
2.214499955115812782e+02
6.099321158665134135e+02
6.236660888648830223e+02
8.442555804609598908e+02
9.434267644282397214e+02
1.669203908305196137e+03
6.904256263642199656e+02
9.568629180632702855e+02
1.087584473688334811e+03
1.753295737106231172e+03
1.749417499199252461e+03
1.755947175774586185e+03
1.224627666181443828e+03
1.978084628663347303e+03
2.040734363438788250e+03
1.848458005373969627e+03
1.759431195669147201e+03
1.907226212754123253e+03
1.747239813366079488e+03
2.162146016549981141e+03
2.125825490282863939e+03
2.002523316474785133e+03
1.631033429946962087e+03
1.807050167488972420e+03
2.127442044425930362e+03
2.039730903703273043e+03
1.997179500095635149e+03
2.019532147550477930e+03
1.150837119969532523e+03
1.706568665406659875e+03
1.216025980296083844e+03
9.312706411007122824e+02
6.345161894783542493e+02
9.662378384461246696e+02
1.765868159849691210e+03
1.994387950932698232e+03
1.100350741688689368e+03
7.174088857990141150e+02
5.750076368579026393e+02
4.737486495480826534e+02
1.141772368818797077e+03
1.937300484292032252e+03
8.875201201067683314e+02
2.620582194535566600e+02
9.103043070365840777e+02
9.469818897689583537e+02
4.337462150439814650e+02
3.369362360448699292e+02
1.305986886959076401e+02
7.721506417822563151e+01
1.460238035473002753e+02
8.228263877829202784e+02
1.798357485388346277e+03
2.021207621188416397e+03
1.990688436078763971e+03
1.823995924565031146e+03
1.792389219204349274e+03
1.516570129688234601e+03
8.722353470403504616e+02
6.000588514249348009e+02
3.275342429552342196e+02
8.368562506514987263e+02
1.741165630079657831e+03
1.466316590775086979e+03
8.391520997679783704e+02
1.629202439335529334e+03
1.817396042314785291e+03
1.298132041220613701e+03
9.214210621142029822e+02
8.052799945872776561e+02
9.671371989904264410e+02
9.703360779974948400e+02
8.658607088610447136e+02
1.084265727600481569e+03
7.949750577480808715e+02
7.979480975352897758e+02
5.936421624140483573e+02
1.264857137411769600e+03
8.497832215288567568e+02
4.898239339403012877e+02
2.830395605346753314e+02
7.515949803325451057e+02
6.247190105165552723e+02
2.231481131826878368e+02
1.101735105056082347e+02
2.915836050935956791e+02
1.826504966896995370e+02
3.622726990687758075e+02
6.231901500393394144e+02
5.561990170805254365e+02
5.944659460105474409e+02
5.123575638879295866e+02
3.515267354138397877e+02
2.696512857851864737e+02
3.646761348860936778e+02
3.967571297610539887e+02
9.894350903391011798e+01
2.524704079881944949e+02
3.636019155316482170e+02
3.151187704084935035e+02
5.658008653195830675e+02
8.644780957817945364e+02
1.602593641540204771e+03
1.185697479764941590e+03
9.720263900330955948e+02
1.536474291198975834e+03
1.556255530919644343e+03
1.488956606838753032e+03
1.275710832233057545e+03
1.228050954354642727e+03
1.639390035068695624e+03
1.027514749267274539e+02
3.112006729259538815e+02
3.810765117271726012e+02
1.426825047324322497e+02
2.471888078128757229e+02
6.868101920977782129e+02
3.560703353129981679e+02
6.157862083076918225e+02
1.047283524468274663e+03
1.631154145439434160e+03
8.747563165441576984e+02
1.213485256983551835e+03
1.686777034821963070e+03
1.955357840852292384e+03
1.620978069977121322e+03
1.753943332455104610e+03
2.032176471305691621e+03
2.149679881157261661e+03
1.940665038233110408e+03
2.076344188141825725e+03
1.285569896542452852e+03
1.487093803069079286e+03
9.576505574870930104e+02
4.470104451191453450e+02
3.606385802333600168e+02
7.487558945738919647e+02
4.780962357247048544e+02
9.927838194207593006e+02
1.247724023567374843e+03
2.106955539673301246e+03
1.989540731537501415e+03
2.074903266808291846e+03
1.822781698067152092e+03
1.925923770771331192e+03
1.956445844805089337e+03
1.079616972169150358e+03
1.754779963680565743e+03
1.870489995397433859e+03
7.292802658142384189e+02
2.666294638593020068e+02
6.045213658132028058e+02
1.506869425118223944e+03
1.222406810425062304e+03
1.664054095948421491e+03
2.026056662735340524e+03
1.949372966863635838e+03
1.981036755011359901e+03
1.997983064469851115e+03
1.797923555524681433e+03
1.874391851407560125e+03
1.031905958910177105e+03
2.695780462803966202e+02
4.616822473869912073e+02
2.649567884042153878e+02
1.564473748501816601e+02
2.533570176894262431e+02
3.128137058132081165e+02
9.879916975893290498e+01
5.948911704725601339e+02
9.112332454350176931e+02
2.775958700579076321e+02
1.107067125303803863e+02
3.496578104353831691e+02
4.579552559548725981e+02
9.356044430078819687e+02
8.143378554650076921e+02
3.972341991647301143e+02
5.352009405508882764e+02
8.841360956507274977e+02
4.817638573460729390e+02
3.410305043363801474e+02
4.698610396479865585e+02
5.813322416277380853e+02
4.694216391443374050e+02
1.307603195821095881e+02
3.363413361425202766e+02
5.875147546553912434e+02
4.394926972917344301e+02
3.940901193456678584e+02
8.903936156154067021e+02
1.345048273414652158e+03
1.399209871687730129e+03
2.113585457627952565e+03
2.069889692142430249e+03
1.901341800014125056e+03
1.203791586260494341e+03
1.905472733358421237e+03
1.861279257905347322e+03
1.486577724829799308e+03
1.153877031415275269e+03
1.557616974228541039e+03
9.505616545258526457e+02
1.053030980615969384e+03
9.613335586215126796e+02
1.081141239675567476e+03
6.718286585219060498e+02
7.768696973387998241e+02
8.413659850464637202e+02
6.548796397679496977e+02
7.579673747381481235e+02
4.217963626277880849e+02
1.919749436324897260e+02
1.381047028038940141e+02
1.567014656708366545e+02
1.638840170850216964e+02
2.892016275062271689e+02
1.188855631225584375e+02
7.473855957645470482e+01
4.552615241044892258e+01
1.243923331899618461e+02
2.984334411905082334e+02
1.179983807031815957e+02
2.315160448152238928e+02
2.055952658657577103e+02
2.067194010851451935e+02
9.180722202762224526e+01
1.670765400344265004e+02
2.143418997975337277e+02
7.007266673231721370e+02
4.898746057241299923e+02
7.473222747559401569e+01
3.233323538259460861e+02
7.626897469373096783e+01
1.931001225703604973e+02
1.464202044078790266e+02
1.845359729457927074e+02
9.887063556572694267e+01
1.123995121107510897e+02
1.323753959808900333e+02
2.301087796713838145e+02
2.129650764579483280e+02
1.098868400072539089e+02
1.265967148667367610e+02
1.498913849760613175e+02
2.914364042318210863e+02
3.375613926712932766e+02
2.558216984876591482e+02
1.766477614256820061e+02
4.891471667756285342e+02
4.725939460447160059e+02
3.227614251476122718e+02
6.556957439518952242e+02
9.094645658874243281e+02
7.570333622997983412e+02
5.662515412765305882e+02
2.847906727487140870e+02
8.306613587224811681e+02
7.919750741856774994e+02
4.323089290189863050e+02
1.481108134440904678e+02
1.298891987300573874e+02
5.537874937124946939e+01
2.410941194205601619e+02
4.841501419416720182e+02
2.870064549710913866e+02
1.027775754143981658e+03
8.062725598364512507e+02
7.373076469140067957e+02
4.881886935245993868e+02
6.135788851238771713e+02
1.961664770032188869e+02
9.357924551187790030e+01
1.219757102750590150e+02
1.457789696975652589e+02
1.049780019284434474e+02
2.628935514236051745e+02
2.031876223615679180e+02
1.012470439370463851e+02
1.935715131026080087e+02
8.971576552947890093e+01
3.742121365397543400e+02
1.080478834154530205e+03
5.841717276583660805e+02
3.158554826921112522e+02
2.087759573941671647e+02
1.480896980006560000e+02
1.234396726213589659e+02
9.303482674765031391e+01
1.336424427988518460e+02
2.015420843437136682e+02
3.598583543267191089e+02
2.787559318274429074e+02
1.056256565259402720e+02
3.086515011252345744e+02
2.118167530329024544e+02
2.011889655198461071e+02
4.432209946366156146e+02
4.853813236703635994e+02
3.907805199688555149e+02
8.663711744579777587e+02
8.716258846299335801e+02
4.996556462482312782e+02
7.321470913948228372e+02
5.446692832647245268e+02
2.055428219880644178e+02
1.808483513482310912e+02
4.478215256455147824e+02
3.835423268662935925e+02
1.350069744199597039e+02
2.089898382002514268e+02
1.934140836224891018e+02
2.587279930761840205e+02
3.012191295078332587e+02
2.482182144754239062e+02
6.324156192850142588e+02
7.945553338404865826e+02
1.030255117738805666e+03
8.498549190762827266e+02
9.675578687710017221e+02
8.088280228034185484e+02
6.826805564668962916e+02
2.223020610084243458e+02
1.285704603932356918e+02
2.488521113036636052e+02
7.589560882937136057e+02
1.096893487216503900e+03
1.099777528027681228e+03
7.946188908611825354e+02
3.651922962185822144e+02
3.841847784682045699e+02
1.214799893805746365e+02
1.615784116030220900e+02
5.771015076746303407e+01
5.514642314966573622e+01
8.861155500910565763e+01
1.836189784992352827e+02
3.002345935213602957e+02
4.554949417382831029e+02
3.407929622135018803e+02
6.351714246107209192e+02
3.192783692659506869e+02
1.051111274754830021e+02
1.317998233495193006e+02
5.692147716792510437e+01
6.872369318307499952e+01
7.187620887318720975e+01
2.626076812487362417e+02
3.731326831292924453e+02
5.104713867455036507e+02
8.752451237974484002e+02
4.707480193493078673e+02
4.993790608553782704e+02
5.749388384408898673e+02
5.127395169927885945e+02
4.110150033222336106e+02
3.028182582034219195e+02
2.561351488522558384e+02
1.293058749557911256e+02
3.245913359856617717e+02
1.461865614549809038e+02
1.336417259194263920e+02
2.047036526800162051e+02
1.667837282429086088e+02
1.732534880214627151e+02
1.936733866625547194e+02
4.940715260949844492e+02
4.514369942701274567e+02
2.776136028641373628e+02
2.181591787918646332e+02
5.008395722302880131e+02
4.983405282349842764e+02
2.650707917647197291e+02
3.215926080381272527e+02
5.093563883641475059e+02
4.246696894168811127e+02
1.819439783644600936e+02
1.699242624684382008e+02
3.374377643032071319e+02
2.662842977951094667e+02
2.709352413899841281e+02
3.594087778542422598e+02
4.523347139856294916e+02
3.278015754470086449e+02
1.506577765059421665e+02
1.191485733376760550e+02
1.324301617313421957e+02
2.213900118599072755e+02
1.558898186978448734e+02
5.646260832953139470e+02
5.750267406704587074e+02
7.436213483063170315e+02
6.692853724625362020e+02
2.712057057585069515e+02
1.412115457578923952e+02
4.297763419410822507e+02
2.937653938155904143e+02
1.019076427964699434e+02
2.302789092855288970e+02
3.606513933073248950e+02
4.481935087577787158e+02
1.069030075594027238e+02
1.246171638433788473e+02
2.276377425128902701e+02
2.812177462730354023e+02
1.251138366842887422e+02
7.892170012276909574e+01
1.121453020467990598e+02
1.054968709632844224e+02
1.350431094157590906e+02
1.809550679971697207e+02
2.570404315775288637e+02
1.473206712696320722e+02
2.797188353282554658e+02
1.227143014692227041e+02
1.032309758014523169e+02
1.794020342142972311e+02
1.890217817369404827e+02
9.675138391468769328e+01
1.372102900906677974e+02
1.700275091648667285e+02
9.149030825063414341e+01
5.481456948548330956e+02
7.088729286338623297e+02
4.844649543909023919e+02
1.299670569365449921e+02
1.186216037053003447e+02
3.371047975069576523e+02
7.505793258751290296e+02
3.807590151056593299e+02
2.576825038756456934e+02
1.863122773960896552e+02
2.118160729055674665e+02
2.039588348359071688e+02
3.070919710552091715e+02
2.896107561368174856e+02
4.580883499913951482e+02
6.124293980589170587e+02
8.111409755869619858e+02
5.608650656506202949e+02
6.523337397937345941e+02
5.163984732219146281e+02
4.548199734137197083e+02
3.385653042059789755e+02
1.722662190477952890e+02
2.601590525263243308e+02
1.145407662026710511e+02
1.908535712855479574e+02
1.356994315165029548e+02
1.415652127140687071e+02
2.187502228862568074e+02
3.085253341591743492e+02
3.472313473345519697e+02
2.800140814592584206e+02
4.120213032409007496e+02
6.884238276355501966e+02
8.205494286865798585e+02
8.710637812063172305e+02
2.890281703085316849e+02
4.703558286152833716e+02
7.200783739992451729e+02
8.061561226355880763e+02
1.421681712927456601e+03
1.394902059716112717e+03
1.430735253281827227e+03
1.113134010781220240e+03
5.728816458308108395e+02
5.881102862370636331e+02
7.342308210077537751e+02
1.072226642849002246e+03
9.549801455210697441e+02
5.211227408985292868e+02
3.570997472484255582e+02
2.361258078306407242e+02
1.233308227249240190e+02
1.293069209490359981e+02
2.406008169201978149e+02
4.414606862046634888e+02
3.419080649867183297e+02
4.863931488651727477e+02
1.216088892165977597e+02
1.399314181700133304e+02
9.541205113242379809e+01
2.111645393352890778e+02
5.436376031994822142e+02
1.712326189704360218e+02
1.559080729616244128e+02
1.984319117796553371e+02
2.128635833469310228e+02
9.710541082762415499e+01
1.090024523626698141e+02
1.439431052356694067e+02
2.658494108880671547e+02
1.782026605066132561e+02
2.261942932368855850e+02
2.601438151899722016e+02
2.354269056897518055e+02
2.924683983800744045e+02
2.367418658374697884e+02
1.781137219300788388e+02
1.737270183350769912e+02
2.393641812895676253e+02
2.319964874906266914e+02
2.981691146047124903e+02
4.052908367043179396e+02
6.560986478724228164e+02
7.446420519203171580e+02
4.021179096090797884e+02
6.370556772884865495e+02
7.634135572118882465e+02
6.682984680134231894e+02
2.194764790690079792e+02
2.865034443593325477e+02
5.342420755259952330e+02
5.552942837393209174e+02
2.053721840405930266e+02
2.816649154113690656e+02
5.161914966465219550e+02
3.471299520639210527e+02
3.007746187364511457e+02
3.937864515013615687e+02
4.294982143484685366e+02
3.128593725169417326e+02
2.008061275545526030e+02
1.745315328894106131e+02
2.402278875948064751e+02
2.052217986692903366e+02
1.258153639243008683e+02
2.998362383385189673e+02
2.415671298235224640e+02
1.796277151754094632e+02
1.256376230340244717e+02
1.688385386952414819e+02
7.185698564854472181e+01
7.852390540959173393e+01
2.112880842565308797e+02
4.262613954083897170e+02
2.839030750385766169e+02
2.537520866292913979e+02
1.572224988741402001e+02
1.111440207880949913e+02
1.354142379530110532e+02
2.680271443923667789e+02
2.284184987267830138e+02
4.956917191987548676e+02
3.862616753556906701e+02
1.896114277833102335e+02
2.805797284680069765e+02
2.728908633311272069e+02
2.649612756909158975e+02
2.824177087720773898e+02
4.583737886384245712e+02
4.925769929703508865e+02
6.135076807686295979e+02
1.647936274080148280e+02
2.537126939008603586e+02
1.685371931604658187e+02
2.179990885739738644e+02
6.474171957745033978e+01
3.028933301847469011e+02
6.605904752143752034e+01
1.191013389516852499e+02
2.307237386478739438e+02
1.607447142521078547e+02
9.518571169975390944e+01
2.497378821803475262e+02
4.405505763239593762e+02
4.950449861824250775e+02
6.020041827322688732e+02
5.087520558088900771e+02
5.668870167968070746e+02
5.620702332576308891e+02
3.750968273406114690e+02
2.889135988228055112e+02
1.981855493050741757e+02
1.804304019728463402e+02
2.141487798284575490e+02
5.998850940765012183e+02
4.466142774526520043e+02
9.030590102431284549e+02
9.104981505038806517e+02
3.679915086278773515e+02
2.651374255242080835e+02
6.814623943266379058e+01
1.612749193042321849e+02
8.478909482499182104e+02
1.399344275223559180e+02
8.029351317861575410e+01
1.942079330593815598e+02
1.031243067768196084e+02
8.054490031779263859e+01
8.747729886855076131e+01
7.330833614346933018e+02
6.206228655366953717e+02
1.122237197001058803e+03
7.750626100769751474e+02
2.564263647754765998e+02
1.013942747460225178e+02
2.372734891806184692e+02
5.314988145373645239e+02
9.418486990629555748e+02
8.797229623734282313e+02
5.545722067137575095e+02
2.786035418933720393e+02
5.845343391851945398e+02
1.099001175488563149e+03
1.389553970703412233e+03
1.290521564754833435e+03
1.314595525518132035e+03
4.313405942815316507e+02
5.286137568833915168e+01
3.638989014551186187e+02
3.420789281664449391e+02
4.601297537462481273e+02
7.712396777725358561e+02
7.591540214017031758e+02
2.021804150352209319e+02
2.849839713978515761e+02
7.016533004383242087e+02
7.878728990213937777e+02
2.690068553596235006e+02
2.991191151166559052e+02
7.637165244075723649e+02
7.575353458677100207e+02
2.702239923551675815e+02
2.163061870514703458e+02
1.073845127078606509e+02
1.102580898025462517e+02
1.637166073147333805e+02
4.511132989111393954e+01
6.255371305609813248e+01
7.828435820656649469e+01
9.426273059088487116e+01
2.952158573020445829e+02
1.686623276741300970e+02
3.733426894370886657e+02
1.100725233358611831e+03
8.041620227444328748e+02
6.643868396053559309e+02
8.206787069722348633e+02
1.133473481123997999e+03
1.503833120878437512e+03
5.727114065221784358e+02
6.920201093543861361e+02
8.947529731028963624e+02
1.450369974020203244e+03
7.245269102377002355e+02
2.938260678208660437e+01
5.080131563639476155e+01
5.545362028544185762e+01
4.969376663297675805e+02
6.686187953429960089e+02
8.456636225339062776e+02
1.383735851654346334e+03
1.260300751279708038e+03
1.484965847002252303e+03
1.030823168224433175e+03
2.746214696436946952e+02
3.552875441252337509e+02
4.072251692063115911e+02
3.330547576090452253e+02
9.534219118055935382e+01
2.787814489890218397e+02
3.301859436339526610e+02
1.922618435111688484e+02
2.826480812047192330e+02
3.599757548767380513e+02
4.801532092426138547e+02
6.042854174132318121e+02
6.187607230062039889e+02
5.410623179473105893e+02
3.495796857431490139e+02
2.322418484497680140e+02
3.494926176934798150e+02
2.196376242953548399e+02
3.133852318011345801e+02
2.663845123179306711e+02
5.442879545156981180e+01
1.168584139903541370e+02
8.534639651486931200e+01
1.075589158197451098e+02
2.797123937453425810e+02
7.319168728853261428e+02
7.962880684156772304e+02
7.419660275868279768e+02
3.504084411990069157e+02
3.205125710036786018e+02
1.414578242816894829e+02
8.900821893566320853e+01
9.096374281286144026e+01
3.400843324026865275e+02
4.132758409156634229e+02
3.263046165761443831e+02
2.983856442328902858e+02
1.630297916265951699e+02
1.388337840057033077e+02
1.148921781443841041e+02
1.412047366151873575e+02
5.409139936822917605e+01
9.710972027213254876e+01
1.414026235191160765e+02
2.540402165222996018e+02
1.600170826597017140e+02
7.111951989493762483e+01
8.686664876903648747e+01
1.628786449439872968e+02
6.574659051427597660e+02
1.142184222817391628e+03
1.661681023727395996e+03
1.188815772643449463e+03
9.647487428451261167e+02
9.448794567882702040e+02
1.105310612604699145e+03
1.402366169060043603e+03
1.619280256029771863e+03
1.450743001167501234e+03
1.373505456254696810e+03
1.692322300075350540e+03
1.452001946172386170e+03
8.793838563360314993e+02
1.045652150052741945e+03
1.041994215987926736e+03
1.158612192962605604e+03
1.192403996137254353e+03
1.719953477688477506e+03
1.426378936422089510e+03
1.013859341811610420e+03
1.039591482312448250e+02
1.520812907377933243e+02
3.444418959896614183e+02
5.197159004641026741e+02
6.113402806174171928e+02
1.298938294017865701e+03
1.368754006552365126e+03
1.850025130783087661e+03
1.094583150107024267e+03
7.368151171998287055e+02
5.547498210282964237e+02
5.547068901115585504e+02
1.005225769038352439e+02
1.653487347669187386e+02
5.944009848552655058e+02
4.283854276005000656e+02
2.368620819558627772e+02
2.965207163167588647e+02
3.524259340630273982e+02
7.422336008995767997e+02
3.694316327569990221e+02
3.267595562404487737e+02
4.111857663499165483e+02
2.157280831476213052e+02
2.546242598962661532e+02
3.323416943084127979e+02
4.433718242496245239e+02
4.482451505990908913e+02
4.410173298375989930e+02
4.775263244990692328e+02
4.175306840443370220e+02
6.417547445454911212e+02
6.091225275744161536e+02
6.319481116758449843e+02
3.952100868164902181e+02
5.806266266905223574e+02
5.664457516012404312e+02
4.534580325476556482e+02
5.688496672789647164e+02
8.753875677938665376e+02
1.007202326804005338e+03
6.698444127760712945e+02
4.188394851321584156e+02
4.634915070165461657e+02
5.280561452838087462e+02
3.901664978247863473e+02
1.467155654570275658e+02
1.488033281269846100e+02
3.854811847953050687e+02
4.298843839577535846e+02
2.661229441783540892e+02
2.768067553835124954e+02
4.059403367347290441e+02
3.451048442033775814e+02
2.776415429583504419e+02
3.657969787029172721e+02
6.784588196667604052e+02
1.217832276365622647e+03
1.013754333876491501e+03
1.731746224059188251e+02
1.458036640411700944e+02
2.017271764041923916e+02
2.570119918705002533e+02
2.807091279685427025e+02
1.848193819993553575e+02
1.950745626527181287e+02
6.746116070182955582e+01
2.738110217033456024e+02
5.724633202145048472e+02
1.134887431365197699e+03
1.830743167320468956e+03
1.074131841620599289e+03
1.032863100340592837e+03
1.015391353579084807e+03
1.714725012569712817e+03
2.117748550137335769e+03
1.892756218270861837e+03
1.268868596582987720e+03
1.437716578947521157e+03
1.800713125945048660e+03
1.836777732267302099e+03
1.335463515314270808e+03
6.174142487516172650e+02
3.722774374050288770e+02
1.284711913602053812e+02
2.103188746382561192e+02
3.818812321100699592e+02
1.747153345494193957e+02
3.185961216515652268e+02
2.759180678548158312e+02
2.680570303874532101e+02
1.627242647282007795e+02
1.836819741438382607e+02
3.648803866219043357e+02
2.271904173675557104e+02
3.141014780830955146e+02
1.772426711665635139e+03
2.223887483709196204e+03
2.094838041229500050e+03
2.240411169976533529e+03
2.174132210425993435e+03
2.216842231484102740e+03
2.080060618802801400e+03
2.034991096094627892e+03
9.176916934604614653e+02
4.254380616700242967e+02
5.712873296508950034e+02
3.318087227797347509e+02
1.129413180317075330e+03
1.714666402611709145e+03
2.046114471120544522e+03
2.107556196782389634e+03
1.933500807176873423e+03
1.653571526522836848e+03
2.060363416466348099e+03
1.783392635143716461e+03
1.722499254762906048e+03
1.817983903645629425e+03
1.951401376884836054e+03
2.001943045695932142e+03
1.445210238284210845e+03
1.355477992169567187e+03
1.994260418288836036e+03
9.608616246878273159e+02
1.519926052216539347e+03
9.179096782850635918e+02
1.711111511178757837e+03
3.414677955940995275e+02
3.429096313232112152e+02
9.142622971679916191e+02
1.492400952526815217e+03
1.745052230290607667e+03
1.118964211403395666e+03
1.338763611420470852e+03
1.328319836174181773e+03
9.045569261481032299e+02
6.444449415300197188e+02
1.066082909940049831e+03
8.613320484977822389e+02
7.317198840941666731e+02
7.559856848988845286e+02
1.534006907219699997e+03
1.748991482517386203e+03
2.168404845821270101e+03
2.137669260873083658e+03
1.946329287471179896e+03
1.839147837367502234e+03
8.286562808249894942e+02
3.758663787207771634e+02
4.677214116890863238e+02
3.377627652028641592e+02
1.371146559654173700e+02
1.789420167412198168e+02
2.253665342180378843e+02
1.699944462845156465e+02
2.538017969993524616e+02
8.357352095321144247e+01
2.010817086171000767e+02
3.585598012052963668e+02
1.509065722767202828e+02
2.216258470675246599e+02
4.764176308068235812e+02
1.671496282342528445e+02
1.839161530855745070e+02
2.769327716448054275e+02
2.716975169820963742e+02
1.611127081313304927e+02
5.726349912575540202e+02
2.198954446997541368e+02
4.690726644549047819e+02
4.992273576681224085e+02
5.343873851192159918e+02
3.287809562842435867e+02
5.064432472507693319e+02
2.941692310979317995e+02
1.472227523878876809e+02
1.543430421075164531e+02
2.536596049190442272e+02
3.513894558689469818e+02
8.626264783293149776e+02
1.982448555726597874e+02
2.625113414936258778e+02
1.652945474844631235e+02
3.802481626203112341e+02
5.675219821789505659e+02
7.170617188748365152e+02
8.628388049063320295e+02
7.986148053161803091e+02
9.380082182174091940e+02
1.472016809327644069e+03
1.581600807347159162e+03
1.427604643477319314e+03
1.282213540594631695e+03
1.669568080710041613e+03
1.802185656639034050e+03
1.070032626440101012e+03
7.216020717203721233e+02
1.243441026406206902e+03
6.396977080574954471e+02
5.105242919049248940e+02
3.322774535829177580e+02
1.751227584026038642e+02
1.033020105904164893e+03
1.374972762608788571e+03
1.719317182870916440e+03
2.080622836909553371e+03
2.049295663735989365e+03
1.341566241416326648e+03
1.166003450960991131e+03
5.185420680525905937e+02
8.196372168976082548e+02
1.170365351198280905e+03
5.951139235612829452e+02
3.848883588721360525e+02
1.794424886784069884e+02
1.628742693180626873e+02
1.018276364017601736e+02
1.756757366427107172e+02
5.768513324412426755e+02
6.281473975541856589e+02
6.526853493231894845e+02
9.678693825736821736e+02
9.969469209732402533e+02
1.141993933794787608e+03
1.079607299790407069e+03
1.019676776111343543e+03
1.106797671360496452e+03
7.223268733990427108e+02
2.622323192553397462e+02
3.373798587703352609e+02
5.226362751539012379e+02
3.237823455126676322e+02
1.471285067996767282e+02
3.694693534418231025e+02
8.108603123484581374e+02
1.274828932719711020e+03
1.942475730506874470e+03
1.817169441610058129e+03
1.502644090578665327e+03
1.445550053498064699e+03
2.623695963704634551e+02
1.528584834771128556e+02
1.671092434346172126e+02
2.652369281548577646e+02
4.297019606305138950e+02
9.396272373393647968e+02
9.515561606355795448e+02
1.618095496350681287e+03
7.353997390130100484e+02
5.414395653743770254e+02
4.731984503884378341e+02
4.590258871137536971e+02
2.976298857890133149e+02
8.339724967492909968e+01
3.873482220918098164e+02
3.976078631062756585e+02
6.264409870819657726e+02
6.507040222299802963e+02
8.993841391148473576e+02
5.382300621018409856e+02
4.329807168143412923e+02
5.664490234321750677e+02
4.749990315547457840e+02
5.740923595735386016e+02
8.410801786282332841e+02
1.379631636483921966e+03
1.207999180378584470e+03
8.612209980031143459e+02
6.212452987171734549e+02
3.513713589703478988e+02
5.190298972368186696e+02
6.731508582113319790e+02
8.210542357621201290e+02
7.220350738198677618e+02
7.419183070454520248e+02
6.201157249828609110e+02
5.547534270777330221e+02
7.092052437223287598e+02
3.667575097463897578e+02
3.096312035748289873e+02
2.813181110037364761e+02
1.046935598116426576e+02
6.851124299176645138e+01
